CL-USER> (defparameter zzz '(390225 426456 688267 800389 990107 439248 240638 15991 874479 568754 729927
                                   980985 132244 488186 5037 721765 251885 28458 23710 281490 30935 897665 768945
                                   337228 533277 959855 927447 941485 24242 684459 312855 716170 512600 608266
                                   779912 950103 211756 665028 642996 262173 789020 932421 390745 433434 350262
                                   463568 668809 305781 815771 550800))
ZZZ
CL-USER> zzz
(390225 426456 688267 800389 990107 439248 240638 15991 874479 568754 729927
 980985 132244 488186 5037 721765 251885 28458 23710 281490 30935 897665 768945
 337228 533277 959855 927447 941485 24242 684459 312855 716170 512600 608266
 779912 950103 211756 665028 642996 262173 789020 932421 390745 433434 350262
 463568 668809 305781 815771 550800)
CL-USER> (length zzz)
50
CL-USER> (sort zzz '<)
(5037 15991 23710 24242 28458 30935 132244 211756 240638 251885 262173 281490
 305781 312855 337228 350262 390225 390745 426456 433434 439248 463568 488186
 512600 533277 550800 568754 608266 642996 665028 668809 684459 688267 716170
 721765 729927 768945 779912 789020 800389 815771 874479 897665 927447 932421
 941485 950103 959855 980985 990107)
CL-USER> (length zzz)
34
CL-USER>
